420.jpg,494,226,586,300,particle
420.jpg,527,362,585,446,particle
420.jpg,159,67,211,127,particle
420.jpg,263,135,373,243,particle
420.jpg,145,284,207,388,particle
420.jpg,123,159,215,303,particle
420.jpg,119,101,269,243,particle
420.jpg,253,395,347,463,particle
420.jpg,63,346,125,450,particle
420.jpg,433,142,507,232,particle
